1000
-1
-1
-1
-1
-1
-1
117
-1
-1
-1
-1
-1
-1
-1
-1
-1
153
-1
-1
-1
-1
54
-1
-1
-1
-1
171
-1
-1
-1
-1
99
54
-1
-1
171
-1
54
-1
-1
-1
-1
-1
-1
54
-1
-1
-1
189
-1
-1
-1
-1
-1
-1
54
-1
-1
72
-1
-1
-1
-1
-1
-1
81
-1
-1
-1
-1
-1
-1
-1
-1
-1
-1
-1
-1
-1
-1
-1
-1
126
-1
117
-1
-1
-1
-1
-1
135
90
-1
72
-1
-1
-1
-1
-1
-1
-1
-1
180
-1
-1
-1
189
-1
-1
-1
-1
90
216
-1
-1
-1
180
-1
108
-1
117
-1
-1
54
-1
117
126
-1
-1
-1
-1
-1
-1
225
54
-1
-1
-1
-1
-1
-1
63
-1
-1
144
-1
-1
-1
-1
54
54
-1
-1
99
-1
72
-1
-1
-1
-1
-1
-1
-1
-1
-1
-1
-1
-1
-1
54
-1
-1
54
-1
-1
-1
-1
-1
153
54
-1
-1
-1
-1
-1
81
-1
-1
-1
54
-1
-1
-1
-1
-1
-1
-1
-1
-1
-1
-1
-1
-1
-1
-1
-1
-1
-1
63
-1
-1
-1
-1
90
-1
117
-1
-1
-1
-1
-1
144
-1
-1
216
-1
225
-1
63
198
54
-1
-1
-1
-1
-1
-1
171
-1
108
-1
-1
-1
171
-1
72
-1
-1
-1
81
-1
63
-1
81
-1
234
54
-1
-1
54
54
-1
135
-1
-1
-1
-1
-1
-1
171
-1
-1
-1
-1
-1
-1
-1
-1
-1
-1
-1
-1
234
-1
-1
-1
-1
81
99
-1
-1
-1
-1
54
90
-1
63
-1
-1
-1
72
-1
54
-1
-1
54
-1
-1
-1
-1
-1
-1
-1
-1
-1
-1
-1
-1
-1
-1
54
-1
-1
117
-1
162
-1
-1
-1
-1
-1
-1
54
72
-1
-1
-1
-1
-1
-1
-1
-1
-1
-1
-1
-1
-1
-1
-1
-1
-1
-1
126
-1
162
-1
-1
-1
-1
-1
-1
-1
-1
-1
54
-1
-1
-1
54
-1
-1
-1
-1
-1
-1
54
-1
-1
-1
-1
-1
-1
-1
-1
-1
-1
-1
-1
-1
-1
-1
-1
-1
-1
-1
-1
-1
-1
99
-1
-1
-1
-1
54
-1
-1
-1
-1
-1
-1
-1
-1
-1
54
-1
-1
108
-1
-1
-1
-1
189
54
99
-1
-1
-1
-1
72
-1
-1
-1
-1
-1
-1
153
-1
-1
72
-1
-1
-1
-1
99
-1
-1
-1
-1
-1
-1
-1
-1
-1
90
-1
-1
-1
-1
-1
-1
-1
-1
-1
-1
-1
-1
-1
54
-1
-1
54
90
-1
-1
-1
-1
-1
-1
-1
-1
117
90
171
-1
-1
126
-1
54
-1
-1
-1
144
135
-1
-1
-1
-1
72
-1
-1
54
-1
-1
-1
153
54
72
-1
189
-1
-1
-1
-1
-1
-1
-1
-1
-1
171
63
-1
-1
-1
-1
-1
63
63
-1
-1
-1
-1
-1
-1
117
-1
-1
-1
72
-1
126
-1
-1
-1
-1
-1
-1
81
-1
108
117
-1
81
-1
-1
90
54
180
54
63
-1
-1
-1
-1
-1
-1
-1
-1
-1
171
-1
-1
108
-1
162
108
-1
162
135
-1
-1
63
54
54
81
-1
54
-1
-1
-1
-1
-1
-1
54
-1
-1
-1
-1
-1
-1
-1
63
-1
-1
-1
-1
-1
-1
-1
-1
90
90
-1
72
108
-1
54
90
-1
-1
-1
54
-1
-1
-1
-1
-1
-1
-1
-1
-1
63
54
-1
-1
153
-1
-1
108
90
81
-1
54
-1
63
-1
-1
72
72
-1
-1
-1
-1
-1
-1
-1
-1
-1
54
-1
-1
-1
-1
81
72
-1
-1
-1
-1
-1
90
-1
-1
54
63
171
117
126
-1
-1
-1
63
-1
126
-1
-1
54
-1
81
-1
54
-1
-1
126
54
63
-1
-1
162
-1
144
-1
-1
-1
54
-1
-1
-1
-1
-1
-1
-1
-1
-1
90
-1
-1
90
-1
-1
-1
-1
-1
-1
-1
126
-1
-1
-1
-1
90
-1
-1
-1
-1
-1
-1
-1
-1
-1
-1
-1
-1
-1
-1
171
-1
-1
72
-1
-1
144
-1
-1
-1
-1
90
-1
-1
-1
-1
-1
-1
234
-1
-1
-1
-1
-1
72
162
-1
-1
-1
-1
-1
72
180
216
-1
-1
-1
63
-1
126
-1
-1
-1
-1
-1
90
117
-1
-1
54
90
-1
-1
-1
-1
-1
-1
81
-1
-1
-1
-1
-1
90
-1
-1
-1
54
-1
126
-1
-1
72
180
-1
-1
144
-1
-1
-1
-1
-1
-1
-1
-1
-1
-1
-1
-1
-1
-1
-1
-1
-1
-1
-1
72
-1
-1
-1
-1
54
-1
-1
-1
171
-1
-1
-1
-1
-1
-1
-1
-1
-1
-1
-1
-1
-1
180
-1
-1
-1
-1
-1
54
-1
72
-1
-1
-1
90
-1
207
-1
-1
-1
54
-1
-1
-1
-1
-1
-1
-1
-1
-1
-1
54
-1
-1
-1
-1
-1
-1
180
144
-1
-1
-1
72
-1
-1
-1
-1
90
-1
54
-1
-1
-1
-1
108
90
-1
-1
-1
81
54
-1
-1
54
-1
54
-1
54
-1
-1
-1
117
144
-1
-1
-1
171
-1
144
-1
54
-1
54
90
-1
108
-1
-1
-1
72
-1
-1
-1
-1
-1
-1
-1
-1
54
-1
-1
-1
144
-1
81
-1
54
-1
-1
-1
-1
-1
108
-1
-1
-1
-1
54
-1
63
-1
261
-1
-1
-1
54
-1
-1
-1
-1
-1
-1
-1
144
-1
-1
-1
162
